      0.000000      1.052161     -0.593768     -1.946223
      0.017453      1.052283     -0.605826     -1.879524
      0.034907      1.051768     -0.617710     -1.810610
      0.052360      1.050666     -0.629422     -1.739719
      0.069813      1.049036     -0.640975     -1.667077
      0.087266      1.046943     -0.652391     -1.592889
      0.104720      1.044454     -0.663698     -1.517324
      0.122173      1.041632     -0.674930     -1.440514
      0.139626      1.038533     -0.686119     -1.362554
      0.157080      1.035205     -0.697299     -1.283508
      0.174533      1.031687     -0.708495     -1.203420
      0.191986      1.028005     -0.719724     -1.122327
      0.209440      1.024176     -0.730994     -1.040272
      0.226893      1.020209     -0.742299     -0.957324
      0.244346      1.016106     -0.753626     -0.873579
      0.261799      1.011864     -0.764946     -0.789176
      0.279253      1.007481     -0.776227     -0.704289
      0.296706      1.002953     -0.787427     -0.619128
      0.314159      0.998278     -0.798504     -0.533923
      0.331613      0.993456     -0.809414     -0.448907
      0.349066      0.988486     -0.820119     -0.364302
      0.366519      0.983369     -0.830585     -0.280291
      0.383972      0.978100     -0.840786     -0.197001
      0.401426      0.972672     -0.850705     -0.114490
      0.418879      0.967070     -0.860334     -0.032730
      0.436332      0.961271     -0.869671      0.048391
      0.453786      0.955242     -0.878723      0.129069
      0.471239      0.948941     -0.887501      0.209571
      0.488692      0.942320     -0.896017      0.290217
      0.506145      0.935324     -0.904286      0.371355
      0.523599      0.927899     -0.912321      0.453336
      0.541052      0.919989     -0.920131      0.536483
      0.558505      0.911549     -0.927724      0.621071
      0.575959      0.902542     -0.935103      0.707298
      0.593412      0.892945     -0.942268      0.795276
      0.610865      0.882755     -0.949217      0.885021
      0.628319      0.871982     -0.955947      0.976450
      0.645772      0.860659     -0.962455      1.069394
      0.663225      0.848832     -0.968739      1.163609
      0.680678      0.836562     -0.974800      1.258796
      0.698132      0.823919     -0.980643      1.354626
      0.715585      0.810980     -0.986275      1.450762
      0.733038      0.797818     -0.991705      1.546879
      0.750492      0.784506     -0.996944      1.642689
      0.767945      0.771103     -1.002004      1.737947
      0.785398      0.757660     -1.006895      1.832465
      0.802851      0.744211     -1.011624      1.926111
      0.820305      0.730775     -1.016195      2.018805
      0.837758      0.717355     -1.020603      2.110514
      0.855211      0.703943     -1.024842      2.201235
      0.872665      0.690518     -1.028895      2.290986
      0.890118      0.677051     -1.032741      2.379792
      0.907571      0.663512     -1.036356      2.467671
      0.925025      0.649865     -1.039711      2.554628
      0.942478      0.636082     -1.042775      2.640649
      0.959931      0.622135     -1.045518      2.725700
      0.977384      0.608004     -1.047914      2.809727
      0.994838      0.593675     -1.049938      2.892666
      1.012291      0.579142     -1.051570      2.974445
      1.029744      0.564401     -1.052796      3.054996
      1.047198      0.549455     -1.053609      3.134264
      1.064651      0.534306     -1.054003      3.212210
      1.082104      0.518957     -1.053979      3.288821
      1.099557      0.503409     -1.053541      3.364110
      1.117011      0.487660     -1.052692      3.438119
      1.134464      0.471701     -1.051438      3.510913
      1.151917      0.455520     -1.049783      3.582580
      1.169371      0.439100     -1.047730      3.653221
      1.186824      0.422420     -1.045281      3.722949
      1.204277      0.405456     -1.042435      3.791877
      1.221731      0.388186     -1.039190      3.860117
      1.239184      0.370586     -1.035544      3.927768
      1.256637      0.352637     -1.031496      3.994915
      1.274090      0.334326     -1.027045      4.061623
      1.291544      0.315646     -1.022192      4.127931
      1.308997      0.296601     -1.016942      4.193850
      1.326450      0.277202     -1.011302      4.259359
      1.343904      0.257473     -1.005281      4.324397
      1.361357      0.237447     -0.998893      4.388865
      1.378810      0.217168     -0.992150      4.452621
      1.396263      0.196688     -0.985068      4.515479
      1.413717      0.176069     -0.977658      4.577211
      1.431170      0.155375     -0.969931      4.637550
      1.448623      0.134675     -0.961897      4.696201
      1.466077      0.114034     -0.953557      4.752849
      1.483530      0.093517     -0.944912      4.807177
      1.500983      0.073177     -0.935957      4.858885
      1.518436      0.053057     -0.926682      4.907707
      1.535890      0.033186     -0.917075      4.953438
      1.553343      0.013572     -0.907122      4.995947
      1.570796     -0.005793     -0.896808      5.035197
      1.588250     -0.024939     -0.886118      5.071254
      1.605703     -0.043916     -0.875038      5.104286
      1.623156     -0.062788     -0.863557      5.134560
      1.640610     -0.081636     -0.851667      5.162422
      1.658063     -0.100546     -0.839360      5.188272
      1.675516     -0.119607     -0.826634      5.212534
      1.692969     -0.138902     -0.813486      5.235612
      1.710423     -0.158500     -0.799916      5.257851
      1.727876     -0.178451     -0.785924      5.279500
      1.745329     -0.198781     -0.771507      5.300673
      1.762783     -0.219484     -0.756664      5.321327
      1.780236     -0.240522     -0.741389      5.341250
      1.797689     -0.261826     -0.725676      5.360058
      1.815142     -0.283299     -0.709517      5.377217
      1.832596     -0.304820     -0.692903      5.392072
      1.850049     -0.326252     -0.675823      5.403893
      1.867502     -0.347456     -0.658270      5.411928
      1.884956     -0.368296     -0.640238      5.415464
      1.902409     -0.388650     -0.621724      5.413887
      1.919862     -0.408426     -0.602730      5.406735
      1.937316     -0.427563     -0.583262      5.393743
      1.954769     -0.446040     -0.563331      5.374872
      1.972222     -0.463878     -0.542956      5.350319
      1.989675     -0.481139     -0.522155      5.320511
      2.007129     -0.497922     -0.500954      5.286076
      2.024582     -0.514352     -0.479380      5.247794
      2.042035     -0.530575     -0.457461      5.206549
      2.059489     -0.546740     -0.435226      5.163252
      2.076942     -0.562992     -0.412703      5.118779
      2.094395     -0.579454     -0.389918      5.073901
      2.111848     -0.596222     -0.366898      5.029236
      2.129302     -0.613352     -0.343666      4.985201
      2.146755     -0.630856     -0.320248      4.941995
      2.164208     -0.648704     -0.296667      4.899596
      2.181662     -0.666821     -0.272948      4.857778
      2.199115     -0.685100     -0.249119      4.816151
      2.216568     -0.703407     -0.225208      4.774207
      2.234022     -0.721591     -0.201249      4.731382
      2.251475     -0.739501     -0.177278      4.687119
      2.268928     -0.756995     -0.153334      4.640926
      2.286381     -0.773951     -0.129458      4.592424
      2.303835     -0.790276     -0.105693      4.541385
      2.321288     -0.805912     -0.082080      4.487754
      2.338741     -0.820837     -0.058659      4.431640
      2.356195     -0.835062     -0.035468      4.373305
      2.373648     -0.848628     -0.012538      4.313128
      2.391101     -0.861595      0.010107      4.251553
      2.408554     -0.874034      0.032447      4.189043
      2.426008     -0.886016      0.054469      4.126017
      2.443461     -0.897602      0.076170      4.062805
      2.460914     -0.908831      0.097550      3.999603
      2.478368     -0.919717      0.118614      3.936451
      2.495821     -0.930245      0.139371      3.873218
      2.513274     -0.940366      0.159830      3.809612
      2.530727     -0.950006      0.180003      3.745205
      2.548181     -0.959070      0.199897      3.679469
      2.565634     -0.967451      0.219521      3.611827
      2.583087     -0.975037      0.238878      3.541704
      2.600541     -0.981727      0.257968      3.468583
      2.617994     -0.987436      0.276791      3.392051
      2.635447     -0.992106      0.295343      3.311840
      2.652901     -0.995712      0.313620      3.227849
      2.670354     -0.998266      0.331616      3.140154
      2.687807     -0.999812      0.349330      3.049004
      2.705260     -1.000429      0.366758      2.954800
      2.722714     -1.000223      0.383904      2.858061
      2.740167     -0.999319      0.400770      2.759388
      2.757620     -0.997851      0.417364      2.659416
      2.775074     -0.995955      0.433694      2.558775
      2.792527     -0.993758      0.449770      2.458047
      2.809980     -0.991374      0.465604      2.357740
      2.827433     -0.988893      0.481202      2.258264
      2.844887     -0.986386      0.496572      2.159927
      2.862340     -0.983895      0.511716      2.062934
      2.879793     -0.981442      0.526632      1.967401
      2.897247     -0.979029      0.541315      1.873372
      2.914700     -0.976643      0.555753      1.780848
      2.932153     -0.974262      0.569929      1.689804
      2.949607     -0.971857      0.583824      1.600218
      2.967060     -0.969403      0.597414      1.512084
      2.984513     -0.966874      0.610673      1.425425
      3.001966     -0.964252      0.623574      1.340296
      3.019420     -0.961522      0.636090      1.256780
      3.036873     -0.958676      0.648195      1.174975
      3.054326     -0.955705      0.659862      1.094987
      3.071780     -0.952601      0.671070      1.016906
      3.089233     -0.949353      0.681795      0.940795
      3.106686     -0.945943      0.692019      0.866675
      3.124139     -0.942349      0.701725      0.794519
      3.141593     -0.938538      0.710900      0.724249
      3.159046     -0.934472      0.719531      0.655738
      3.176499     -0.930109      0.727610      0.588825
      3.193953     -0.925409      0.735134      0.523322
      3.211406     -0.920333      0.742103      0.459038
      3.228859     -0.914851      0.748524      0.395789
      3.246312     -0.908947      0.754409      0.333417
      3.263766     -0.902619      0.759779      0.271799
      3.281219     -0.895882      0.764663      0.210853
      3.298672     -0.888772      0.769099      0.150535
      3.316126     -0.881338      0.773135      0.090836
      3.333579     -0.873643      0.776824      0.031764
      3.351032     -0.865759      0.780231     -0.026671
      3.368486     -0.857764      0.783424     -0.084470
      3.385939     -0.849729      0.786474     -0.141672
      3.403392     -0.841721      0.789457     -0.198361
      3.420845     -0.833793      0.792445     -0.254681
      3.438299     -0.825982      0.795508     -0.310838
      3.455752     -0.818306      0.798710     -0.367095
      3.473205     -0.810766      0.802109     -0.423766
      3.490659     -0.803347      0.805752     -0.481198
      3.508112     -0.796020      0.809678     -0.539750
      3.525565     -0.788747      0.813916     -0.599771
      3.543018     -0.781488      0.818487     -0.661579
      3.560472     -0.774203      0.823401     -0.725436
      3.577925     -0.766860      0.828665     -0.791537
      3.595378     -0.759434      0.834278     -0.859998
      3.612832     -0.751916      0.840236     -0.930852
      3.630285     -0.744307      0.846534     -1.004054
      3.647738     -0.736622      0.853164     -1.079491
      3.665192     -0.728885      0.860118     -1.156995
      3.682645     -0.721126      0.867386     -1.236361
      3.700098     -0.713377      0.874957     -1.317368
      3.717551     -0.705669      0.882819     -1.399791
      3.735005     -0.698026      0.890954     -1.483420
      3.752458     -0.690460      0.899340     -1.568068
      3.769911     -0.682973      0.907952     -1.653571
      3.787365     -0.675555      0.916753     -1.739795
      3.804818     -0.668181      0.925702     -1.826623
      3.822271     -0.660818      0.934750     -1.913946
      3.839724     -0.653426      0.943841     -2.001655
      3.857178     -0.645960      0.952914     -2.089626
      3.874631     -0.638378      0.961902     -2.177712
      3.892084     -0.630640      0.970738     -2.265731
      3.909538     -0.622716      0.979358     -2.353468
      3.926991     -0.614584      0.987695     -2.440673
      3.944444     -0.606233      0.995693     -2.527068
      3.961898     -0.597666      1.003298     -2.612356
      3.979351     -0.588892      1.010465     -2.696236
      3.996804     -0.579928      1.017157     -2.778413
      4.014257     -0.570796      1.023345     -2.858612
      4.031711     -0.561521      1.029005     -2.936590
      4.049164     -0.552123      1.034122     -3.012144
      4.066617     -0.542620      1.038683     -3.085116
      4.084071     -0.533024      1.042676     -3.155387
      4.101524     -0.523341      1.046093     -3.222880
      4.118977     -0.513567      1.048923     -3.287547
      4.136430     -0.503696      1.051155     -3.349364
      4.153884     -0.493714      1.052776     -3.408316
      4.171337     -0.483607      1.053769     -3.464396
      4.188790     -0.473360      1.054120     -3.517593
      4.206244     -0.462958      1.053813     -3.567889
      4.223697     -0.452388      1.052833     -3.615267
      4.241150     -0.441642      1.051169     -3.659708
      4.258603     -0.430714      1.048815     -3.701205
      4.276057     -0.419601      1.045769     -3.739768
      4.293510     -0.408300      1.042037     -3.775439
      4.310963     -0.396811      1.037632     -3.808296
      4.328417     -0.385130      1.032573     -3.838460
      4.345870     -0.373251      1.026885     -3.866100
      4.363323     -0.361166      1.020597     -3.891425
      4.380777     -0.348864      1.013744     -3.914680
      4.398230     -0.336330      1.006360     -3.936130
      4.415683     -0.323550      0.998480     -3.956044
      4.433136     -0.310508      0.990137     -3.974681
      4.450590     -0.297194      0.981363     -3.992268
      4.468043     -0.283602      0.972184     -4.008987
      4.485496     -0.269734      0.962624     -4.024963
      4.502950     -0.255598      0.952702     -4.040257
      4.520403     -0.241212      0.942435     -4.054871
      4.537856     -0.226603      0.931836     -4.068750
      4.555309     -0.211803      0.920916     -4.081797
      4.572763     -0.196847      0.909687     -4.093893
      4.590216     -0.181771      0.898158     -4.104915
      4.607669     -0.166609      0.886341     -4.114755
      4.625123     -0.151387      0.874245     -4.123342
      4.642576     -0.136122      0.861882     -4.130654
      4.660029     -0.120820      0.849264     -4.136726
      4.677483     -0.105475      0.836401     -4.141648
      4.694936     -0.090068      0.823303     -4.145563
      4.712389     -0.074573      0.809976     -4.148650
      4.729842     -0.058954      0.796426     -4.151104
      4.747296     -0.043175      0.782654     -4.153116
      4.764749     -0.027203      0.768658     -4.154848
      4.782202     -0.011010      0.754433     -4.156408
      4.799656      0.005422      0.739973     -4.157841
      4.817109      0.022094      0.725267     -4.159112
      4.834562      0.038993      0.710309     -4.160106
      4.852015      0.056092      0.695088     -4.160636
      4.869469      0.073347      0.679601     -4.160456
      4.886922      0.090705      0.663844     -4.159283
      4.904375      0.108105      0.647818     -4.156826
      4.921829      0.125488      0.631530     -4.152813
      4.939282      0.142795      0.614990     -4.147017
      4.956735      0.159979      0.598212     -4.139282
      4.974189      0.177006      0.581217     -4.129543
      4.991642      0.193858      0.564023     -4.117826
      5.009095      0.210536      0.546655     -4.104260
      5.026548      0.227056      0.529134     -4.089057
      5.044002      0.243451      0.511484     -4.072500
      5.061455      0.259761      0.493725     -4.054918
      5.078908      0.276035      0.475878     -4.036655
      5.096362      0.292320      0.457958     -4.018045
      5.113815      0.308657      0.439981     -3.999384
      5.131268      0.325078      0.421963     -3.980907
      5.148721      0.341600      0.403916     -3.962775
      5.166175      0.358224      0.385854     -3.945066
      5.183628      0.374934      0.367791     -3.927782
      5.201081      0.391700      0.349742     -3.910856
      5.218535      0.408480      0.331723     -3.894169
      5.235988      0.425225      0.313752     -3.877573
      5.253441      0.441882      0.295847     -3.860914
      5.270894      0.458405      0.278028     -3.844054
      5.288348      0.474753      0.260310     -3.826887
      5.305801      0.490896      0.242710     -3.809353
      5.323254      0.506820      0.225239     -3.791446
      5.340708      0.522522      0.207907     -3.773203
      5.358161      0.538013      0.190717     -3.754701
      5.375614      0.553315      0.173668     -3.736038
      5.393068      0.568453      0.156755     -3.717312
      5.410521      0.583452      0.139967     -3.698598
      5.427974      0.598336      0.123293     -3.679935
      5.445427      0.613115      0.106717     -3.661298
      5.462881      0.627789      0.090224     -3.642600
      5.480334      0.642343      0.073799     -3.623680
      5.497787      0.656745      0.057430     -3.604316
      5.515241      0.670952      0.041107     -3.584232
      5.532694      0.684909      0.024825     -3.563124
      5.550147      0.698558      0.008579     -3.540682
      5.567600      0.711842     -0.007630     -3.516617
      5.585054      0.724708     -0.023798     -3.490691
      5.602507      0.737118     -0.039922     -3.462734
      5.619960      0.749052     -0.055997     -3.432668
      5.637414      0.760509     -0.072019     -3.400512
      5.654867      0.771509     -0.087985     -3.366388
      5.672320      0.782096     -0.103895     -3.330510
      5.689774      0.792328     -0.119748     -3.293174
      5.707227      0.802281     -0.135549     -3.254735
      5.724680      0.812036     -0.151300     -3.215581
      5.742133      0.821677     -0.167006     -3.176110
      5.759587      0.831280     -0.182667     -3.136700
      5.777040      0.840912     -0.198283     -3.097691
      5.794493      0.850624     -0.213847     -3.059363
      5.811947      0.860445     -0.229350     -3.021928
      5.829400      0.870387     -0.244777     -2.985521
      5.846853      0.880438     -0.260107     -2.950200
      5.864306      0.890569     -0.275315     -2.915958
      5.881760      0.900736     -0.290375     -2.882725
      5.899213      0.910887     -0.305261     -2.850385
      5.916666      0.920962     -0.319946     -2.818785
      5.934120      0.930904     -0.334410     -2.787749
      5.951573      0.940657     -0.348639     -2.757085
      5.969026      0.950174     -0.362626     -2.726592
      5.986480      0.959416     -0.376373     -2.696061
      6.003933      0.968354     -0.389893     -2.665280
      6.021386      0.976968     -0.403207     -2.634024
      6.038839      0.985240     -0.416343     -2.602059
      6.056293      0.993159     -0.429333     -2.569138
      6.073746      1.000711     -0.442213     -2.535001
      6.091199      1.007881     -0.455017     -2.499374
      6.108653      1.014647     -0.467776     -2.461980
      6.126106      1.020981     -0.480514     -2.422543
      6.143559      1.026846     -0.493245     -2.380800
      6.161012      1.032203     -0.505977     -2.336515
      6.178466      1.037007     -0.518703     -2.289492
      6.195919      1.041212     -0.531409     -2.239587
      6.213372      1.044778     -0.544075     -2.186717
      6.230826      1.047672     -0.556671     -2.130864
      6.248279      1.049870     -0.569171     -2.072080
      6.265732      1.051364     -0.581544     -2.010477
